Id,SalePrice
1461,128599.58
1462,154624.5
1463,181092.09
1464,181525.3
1465,201514.21
1466,185332.15
1467,168353.04
1468,177201.25
1469,185225.63
1470,118978.5
1471,193574.4
1472,93869.0
1473,97068.33
1474,153589.5
1475,148220.95
1476,403855.23
1477,251407.2
1478,305653.57
1479,234074.24
1480,433022.92
1481,312361.37
1482,207457.5
1483,177331.8
1484,178231.44
1485,169189.68
1486,202416.35
1487,338194.72
1488,235568.87
1489,213638.79
1490,199638.0
1491,192990.9
1492,91486.8
1493,179078.01
1494,301423.26
1495,305333.5
1496,228172.03
1497,194170.26
1498,154570.19
1499,154141.05
1500,150772.57
1501,176317.32
1502,166596.07
1503,302046.58
1504,232009.73
1505,214040.95
1506,181757.95
1507,220956.04
1508,199492.83
1509,163755.1
1510,150721.0
1511,152712.5
1512,169941.5
1513,153992.17
1514,165430.74
1515,177835.26
1516,159065.35
1517,155557.25
1518,129416.95
1519,225695.12
1520,139158.25
1521,146428.58
1522,161070.75
1523,113677.68
1524,120081.5
1525,120720.39
1526,127994.5
1527,103410.01
1528,125814.5
1529,143212.49
1530,169879.0
1531,125215.0
1532,105311.83
1533,141982.11
1534,113369.53
1535,156954.0
1536,115552.13
1537,78507.66
1538,184043.0
1539,240105.69
1540,115910.93
1541,148822.27
1542,140340.84
1543,219389.06
1544,72995.94
1545,102273.5
1546,121136.0
1547,137159.5
1548,134351.17
1549,111030.75
1550,141200.78
1551,117318.4
1552,145948.16
1553,138073.98
1554,111536.15
1555,170260.89
1556,92651.69
1557,128544.3
1558,90858.79
1559,126290.53
1560,147962.87
1561,157094.58
1562,129238.08
1563,126666.5
1564,165015.68
1565,151548.71
1566,208805.42
1567,80386.8
1568,223108.0
1569,146066.35
1570,128015.3
1571,133097.5
1572,146466.0
1573,238504.23
1574,117625.82
1575,218360.37
1576,211496.7
1577,204064.65
1578,155252.92
1579,142036.3
1580,189401.51
1581,143768.75
1582,128649.1
1583,331311.0
1584,241511.56
1585,139431.0
1586,74925.76
1587,104247.45
1588,149230.02
1589,94043.65
1590,135241.8
1591,104598.74
1592,127943.07
1593,113081.83
1594,138953.51
1595,123942.14
1596,232063.13
1597,162479.79
1598,182578.55
1599,222702.96
1600,193997.3
1601,82106.33
1602,116893.76
1603,89248.6
1604,287556.26
1605,250719.02
1606,169105.19
1607,170738.19
1608,215324.48
1609,202990.87
1610,162006.47
1611,151040.87
1612,161100.59
1613,170524.27
1614,119283.83
1615,85383.5
1616,81996.0
1617,87125.5
1618,128714.5
1619,134878.0
1620,164322.74
1621,139351.12
1622,155411.43
1623,292244.25
1624,211183.72
1625,129754.5
1626,173587.0
1627,188326.0
1628,288543.41
1629,174046.65
1630,342475.53
1631,230508.52
1632,251896.3
1633,166605.12
1634,182523.0
1635,181030.67
1636,158620.04
1637,176488.69
1638,216959.57
1639,181728.29
1640,248695.94
1641,184087.14
1642,220406.03
1643,222106.6
1644,229108.67
1645,176840.0
1646,155149.37
1647,162977.11
1648,144590.25
1649,141629.55
1650,119554.09
1651,121201.6
1652,93327.0
1653,98590.5
1654,156860.5
1655,159191.3
1656,152644.32
1657,154128.53
1658,155443.34
1659,149765.9
1660,145507.83
1661,426086.62
1662,392292.17
1663,383524.73
1664,451802.04
1665,314899.03
1666,329416.72
1667,354954.23
1668,332192.78
1669,299455.33
1670,340962.43
1671,261550.32
1672,455608.7
1673,300156.63
1674,253257.31
1675,186429.56
1676,190178.84
1677,216007.65
1678,453609.03
1679,370517.71
1680,333615.73
1681,274821.94
1682,299656.42
1683,188949.94
1684,169480.5
1685,173907.97
1686,167836.43
1687,165510.24
1688,187240.95
1689,188848.1
1690,184572.39
1691,175524.39
1692,263980.05
1693,169026.38
1694,187326.5
1695,170088.6
1696,267896.78
1697,172002.05
1698,347292.85
1699,336020.5
1700,249128.54
1701,265864.8
1702,251705.91
1703,249805.83
1704,288538.03
1705,247224.04
1706,432218.17
1707,226548.57
1708,221402.37
1709,288285.59
1710,225463.34
1711,259519.49
1712,238257.68
1713,239964.09
1714,221981.41
1715,202839.03
1716,175298.34
1717,166344.17
1718,140040.42
1719,205961.75
1720,253410.35
1721,167161.3
1722,129904.09
1723,156181.25
1724,214420.55
1725,227403.86
1726,184295.3
1727,170337.69
1728,187291.39
1729,164393.91
1730,158533.11
1731,125264.0
1732,133675.7
1733,128843.5
1734,132286.58
1735,134736.6
1736,118770.67
1737,376068.63
1738,220310.59
1739,279839.16
1740,190616.13
1741,178832.99
1742,176862.65
1743,174236.65
1744,309659.14
1745,242251.8
1746,279172.01
1747,219883.14
1748,204636.0
1749,159533.87
1750,151313.0
1751,228790.14
1752,123951.5
1753,144140.84
1754,213774.3
1755,162971.59
1756,120960.57
1757,121359.32
1758,150371.42
1759,165427.34
1760,159142.16
1761,155483.37
1762,171675.05
1763,166873.9
1764,117256.0
1765,170473.55
1766,171330.5
1767,200570.34
1768,141392.0
1769,159267.14
1770,138848.5
1771,138886.87
1772,139383.64
1773,143420.46
1774,131971.0
1775,132102.75
1776,118272.08
1777,117870.5
1778,130079.5
1779,115392.8
1780,182178.81
1781,132957.05
1782,101625.24
1783,131328.35
1784,96485.5
1785,113776.22
1786,153108.5
1787,169613.6
1788,63252.35
1789,94167.5
1790,92535.21
1791,173754.3
1792,154362.4
1793,147586.5
1794,141080.43
1795,138210.26
1796,119156.62
1797,114544.05
1798,129044.08
1799,114593.33
1800,120337.91
1801,127695.87
1802,150000.19
1803,153097.37
1804,141250.7
1805,135812.0
1806,109901.2
1807,137244.87
1808,119784.43
1809,123673.82
1810,143830.79
1811,114404.74
1812,114043.87
1813,121664.58
1814,96471.34
1815,61328.52
1816,101801.4
1817,131373.8
1818,130103.37
1819,117078.99
1820,81081.93
1821,118408.04
1822,146025.0
1823,61645.48
1824,129420.87
1825,134953.7
1826,101881.56
1827,106919.78
1828,135306.34
1829,110397.96
1830,140040.07
1831,173903.0
1832,117337.87
1833,145921.14
1834,135916.13
1835,178466.95
1836,121911.5
1837,98856.5
1838,134076.16
1839,86849.22
1840,164509.3
1841,151222.95
1842,91891.54
1843,142559.0
1844,137216.6
1845,139635.57
1846,155610.5
1847,150567.0
1848,67339.72
1849,117511.42
1850,131413.0
1851,146170.0
1852,127761.64
1853,138633.3
1854,176639.5
1855,145853.4
1856,221537.26
1857,166466.11
1858,140666.48
1859,120778.48
1860,154618.17
1861,120778.48
1862,262658.95
1863,259255.74
1864,259255.74
1865,328499.93
1866,330333.23
1867,243017.54
1868,299062.59
1869,193304.24
1870,248225.94
1871,255647.87
1872,170936.34
1873,227694.36
1874,140035.0
1875,199872.41
1876,194747.5
1877,209676.81
1878,208573.36
1879,135207.6
1880,137850.3
1881,230492.23
1882,261836.73
1883,198874.25
1884,218662.41
1885,253818.94
1886,295595.25
1887,204661.32
1888,280235.02
1889,165518.02
1890,133158.54
1891,142136.52
1892,113530.76
1893,137000.45
1894,127426.19
1895,149233.0
1896,122315.0
1897,121660.6
1898,111139.29
1899,128477.05
1900,149127.5
1901,161341.32
1902,153144.59
1903,222054.48
1904,136086.25
1905,178847.33
1906,153178.0
1907,194532.51
1908,116146.83
1909,135200.83
1910,125138.33
1911,198448.44
1912,261964.46
1913,151436.32
1914,68449.96
1915,333519.89
1916,73705.3
1917,260817.18
1918,138225.5
1919,153714.08
1920,156796.94
1921,402613.99
1922,331819.67
1923,198329.44
1924,240941.1
1925,228049.67
1926,378308.39
1927,141476.5
1928,160101.5
1929,129563.1
1930,128002.76
1931,138977.5
1932,134575.01
1933,173846.02
1934,180508.14
1935,177821.54
1936,186966.85
1937,181994.5
1938,168484.63
1939,249647.69
1940,199657.65
1941,177283.26
1942,187387.0
1943,200205.46
1944,306797.56
1945,364328.05
1946,171458.5
1947,316005.5
1948,174384.55
1949,242730.7
1950,180120.56
1951,256609.05
1952,243880.36
1953,164771.87
1954,205422.0
1955,126470.58
1956,277428.38
1957,161964.0
1958,316930.75
1959,143004.77
1960,118035.55
1961,121656.0
1962,94172.5
1963,103674.0
1964,111108.94
1965,157561.34
1966,159499.0
1967,302690.72
1968,383052.86
1969,370131.62
1970,417609.87
1971,430360.25
1972,361615.94
1973,267421.46
1974,314372.93
1975,458240.74
1976,274914.77
1977,363451.86
1978,355006.79
1979,326871.1
1980,192551.42
1981,335268.88
1982,235249.98
1983,219840.92
1984,170779.65
1985,211018.21
1986,213309.63
1987,184213.46
1988,178232.45
1989,184269.34
1990,218964.1
1991,220413.37
1992,213393.63
1993,171834.89
1994,244904.82
1995,183317.75
1996,252429.12
1997,337270.31
1998,351144.38
1999,257876.24
2000,299969.26
2001,269258.9
2002,233317.18
2003,250770.83
2004,267309.5
2005,235359.01
2006,226403.69
2007,243772.39
2008,211020.21
2009,191396.65
2010,191345.91
2011,150294.55
2012,181451.87
2013,180675.04
2014,188138.0
2015,197520.65
2016,191337.5
2017,204904.25
2018,126015.76
2019,135379.0
2020,120166.19
2021,118404.5
2022,176989.0
2023,155811.19
2024,225484.98
2025,386346.41
2026,185192.42
2027,147992.48
2028,153231.06
2029,172759.85
2030,282784.44
2031,273300.5
2032,282828.94
2033,277208.38
2034,166664.0
2035,206714.11
2036,186247.0
2037,192227.0
2038,348204.38
2039,208914.35
2040,403832.69
2041,268732.04
2042,209963.1
2043,170134.0
2044,170097.05
2045,234013.87
2046,137735.2
2047,153507.38
2048,133554.1
2049,133658.36
2050,170867.85
2051,106547.5
2052,140904.18
2053,143455.75
2054,82926.8
2055,161022.5
2056,127003.75
2057,130198.8
2058,218221.14
2059,145997.34
2060,164516.75
2061,170052.43
2062,140424.75
2063,114449.08
2064,139434.55
2065,117134.16
2066,166713.74
2067,134182.0
2068,135260.17
2069,86980.5
2070,107487.0
2071,95574.39
2072,139688.31
2073,133879.33
2074,180077.01
2075,146067.84
2076,124284.58
2077,148763.0
2078,131632.0
2079,126806.0
2080,116053.25
2081,118864.08
2082,131360.87
2083,147121.72
2084,112887.12
2085,136512.5
2086,113494.27
2087,120790.97
2088,105842.98
2089,93661.5
2090,133164.88
2091,124763.37
2092,136806.18
2093,138664.53
2094,142370.2
2095,152091.87
2096,89818.76
2097,95146.04
2098,148623.0
2099,61114.64
2100,123795.98
2101,123953.29
2102,146150.04
2103,107899.38
2104,132513.76
2105,126551.77
2106,76954.98
2107,243389.63
2108,119707.38
2109,116087.3
2110,120958.4
2111,158384.92
2112,139027.05
2113,118794.0
2114,107556.58
2115,147962.88
2116,109347.63
2117,145778.14
2118,115742.42
2119,106034.0
2120,113256.0
2121,113647.58
2122,101273.32
2123,90567.11
2124,191885.0
2125,134701.97
2126,168561.71
2127,143856.37
2128,124814.37
2129,100303.86
2130,144046.77
2131,151693.19
2132,114379.6
2133,114505.01
2134,116343.12
2135,105190.43
2136,78012.19
2137,115335.43
2138,136792.24
2139,155795.0
2140,136811.5
2141,136428.3
2142,141327.75
2143,147717.86
2144,125142.8
2145,136562.5
2146,147385.48
2147,158317.24
2148,125015.48
2149,135176.5
2150,234781.68
2151,136215.36
2152,172793.5
2153,159488.75
2154,111139.72
2155,130580.62
2156,224651.62
2157,239014.54
2158,228819.6
2159,222072.14
2160,171905.75
2161,252235.52
2162,467843.56
2163,337445.34
2164,261557.89
2165,172725.0
2166,145209.07
2167,207437.62
2168,211886.2
2169,193167.0
2170,219165.37
2171,139087.67
2172,141038.52
2173,158974.52
2174,241328.38
2175,324804.02
2176,320816.03
2177,256279.73
2178,224309.83
2179,145409.0
2180,181606.37
2181,195943.55
2182,231896.27
2183,197570.08
2184,140249.25
2185,127900.19
2186,145432.73
2187,152729.0
2188,154787.11
2189,177340.92
2190,84210.0
2191,89181.5
2192,92821.9
2193,97607.0
2194,98410.55
2195,111680.22
2196,108597.08
2197,108239.42
2198,158484.85
2199,158276.56
2200,129698.99
2201,127085.11
2202,193315.8
2203,170651.35
2204,175550.34
2205,124048.74
2206,133436.3
2207,252670.18
2208,227649.36
2209,193309.16
2210,124502.9
2211,114729.88
2212,113527.04
2213,98127.0
2214,145293.68
2215,102482.17
2216,147243.75
2217,69162.71
2218,92919.23
2219,79971.3
2220,82281.67
2221,331325.96
2222,256340.02
2223,255633.7
2224,213635.0
2225,139776.02
2226,188634.5
2227,195404.73
2228,282436.43
2229,236688.57
2230,159649.67
2231,215974.23
2232,179214.42
2233,174080.58
2234,258864.71
2235,201200.9
2236,275582.34
2237,337566.2
2238,201857.19
2239,127994.93
2240,161913.15
2241,147186.41
2242,140144.1
2243,138140.66
2244,97783.76
2245,92869.59
2246,144447.05
2247,99489.83
2248,126178.5
2249,127719.5
2250,140531.5
2251,138205.54
2252,177576.0
2253,157382.59
2254,176033.96
2255,194754.34
2256,183243.15
2257,192952.14
2258,174738.42
2259,178591.9
2260,152662.0
2261,195003.36
2262,212645.39
2263,325544.09
2264,435770.63
2265,177901.11
2266,299136.69
2267,355198.45
2268,376581.75
2269,168191.25
2270,186202.76
2271,246066.76
2272,207897.28
2273,165562.87
2274,174174.0
2275,160186.4
2276,171568.9
2277,183494.5
2278,157504.05
2279,121715.33
2280,117275.14
2281,178242.47
2282,175879.83
2283,93397.0
2284,108152.37
2285,159725.98
2286,129831.21
2287,344702.55
2288,272504.96
2289,370065.67
2290,424873.2
2291,311845.33
2292,399518.44
2293,439803.44
2294,379802.18
2295,439159.19
2296,290770.76
2297,310855.51
2298,323244.28
2299,375875.07
2300,321005.11
2301,270387.57
2302,231485.48
2303,244733.02
2304,243453.7
2305,184689.66
2306,186570.38
2307,186458.9
2308,222924.38
2309,283565.9
2310,228365.6
2311,191635.55
2312,179246.74
2313,174573.74
2314,178422.5
2315,172403.1
2316,181404.38
2317,180275.56
2318,170525.87
2319,175389.23
2320,181994.97
2321,257262.98
2322,165685.75
2323,183306.24
2324,167903.74
2325,224821.08
2326,164093.17
2327,215973.85
2328,220825.62
2329,184536.67
2330,180205.4
2331,353103.95
2332,397486.14
2333,315403.57
2334,262289.28
2335,259336.89
2336,333293.72
2337,203029.81
2338,282916.24
2339,234135.46
2340,380042.52
2341,226757.31
2342,240604.81
2343,221979.87
2344,239668.28
2345,242254.27
2346,225481.85
2347,199194.13
2348,232892.21
2349,157482.27
2350,280734.32
2351,249836.95
2352,243730.21
2353,207612.72
2354,133499.15
2355,161095.75
2356,151781.34
2357,197863.3
2358,197470.72
2359,123306.83
2360,122661.6
2361,140325.0
2362,272228.93
2363,142540.0
2364,154468.0
2365,222299.86
2366,193214.73
2367,220051.67
2368,202789.52
2369,219229.76
2370,173209.0
2371,171015.0
2372,176712.02
2373,260449.88
2374,300435.15
2375,243253.85
2376,259836.46
2377,353405.51
2378,133673.81
2379,192859.5
2380,143160.2
2381,160351.9
2382,184811.82
2383,219132.5
2384,244145.38
2385,151740.32
2386,144318.5
2387,134056.5
2388,98966.5
2389,125936.66
2390,135299.85
2391,134891.1
2392,114457.4
2393,162819.85
2394,146873.0
2395,188543.5
2396,149514.87
2397,197965.0
2398,125794.0
2399,66817.69
2400,58848.45
2401,117487.5
2402,139100.5
2403,136012.22
2404,141167.21
2405,159025.0
2406,135345.0
2407,130716.81
2408,139874.38
2409,137319.75
2410,163172.49
2411,123219.83
2412,154053.34
2413,142364.12
2414,131568.84
2415,130584.53
2416,121984.58
2417,133105.75
2418,125995.5
2419,138010.19
2420,125319.01
2421,147570.25
2422,120905.9
2423,126731.5
2424,151812.12
2425,178037.07
2426,120686.78
2427,135799.25
2428,175452.34
2429,113881.4
2430,131203.0
2431,123590.91
2432,136936.5
2433,145193.25
2434,145639.5
2435,152195.14
2436,105928.08
2437,115467.57
2438,118733.47
2439,114276.78
2440,123788.5
2441,106852.55
2442,101883.6
2443,112582.3
2444,126870.26
2445,90515.37
2446,131026.56
2447,221460.06
2448,147780.84
2449,109941.83
2450,150611.42
2451,127123.75
2452,199587.6
2453,100099.76
2454,118671.64
2455,108904.27
2456,140521.68
2457,117151.72
2458,110056.59
2459,111873.0
2460,140263.32
2461,114760.08
2462,134769.04
2463,116791.5
2464,152861.78
2465,127439.87
2466,115532.75
2467,155180.63
2468,89705.22
2469,96974.04
2470,176085.46
2471,207429.13
2472,169833.03
2473,114366.89
2474,113809.79
2475,226070.0
2476,107073.0
2477,131590.5
2478,159792.5
2479,118507.02
2480,136570.73
2481,134764.0
2482,134672.6
2483,120454.24
2484,123663.6
2485,126093.84
2486,154100.99
2487,192573.72
2488,154713.94
2489,146586.47
2490,154224.12
2491,90991.86
2492,185866.0
2493,140359.82
2494,166349.79
2495,94739.41
2496,218094.32
2497,145932.0
2498,119492.0
2499,94307.1
2500,131634.55
2501,133055.6
2502,148316.34
2503,97896.49
2504,187031.46
2505,218210.18
2506,255386.1
2507,319991.13
2508,254305.44
2509,220051.08
2510,234288.61
2511,189457.03
2512,216434.87
2513,221717.2
2514,230266.63
2515,150314.5
2516,153180.78
2517,132671.37
2518,142692.65
2519,227286.01
2520,207772.0
2521,196624.16
2522,224557.36
2523,133541.6
2524,138696.9
2525,144341.17
2526,141393.95
2527,124734.58
2528,129525.6
2529,130060.0
2530,112590.0
2531,236307.57
2532,235343.44
2533,201495.97
2534,248695.29
2535,304955.43
2536,232688.78
2537,236429.92
2538,189713.8
2539,190228.91
2540,175807.23
2541,184032.19
2542,162619.02
2543,130371.5
2544,134447.96
2545,129671.08
2546,146520.5
2547,140504.2
2548,155244.59
2549,165464.12
2550,388829.19
2551,144420.59
2552,124519.51
2553,89221.43
2554,118555.51
2555,117771.0
2556,106267.15
2557,115556.58
2558,155988.05
2559,139851.53
2560,128220.5
2561,139505.02
2562,136616.37
2563,142266.37
2564,177113.55
2565,123138.93
2566,152290.82
2567,131929.75
2568,187242.56
2569,187883.48
2570,122183.73
2571,171987.66
2572,196568.52
2573,243150.38
2574,296028.77
2575,122972.0
2576,125897.45
2577,157459.36
2578,97430.54
2579,83726.96
2580,128067.85
2581,134143.89
2582,115483.8
2583,282910.99
2584,159598.93
2585,178728.15
2586,203775.31
2587,209575.7
2588,155825.5
2589,144079.7
2590,232715.62
2591,201631.64
2592,228696.4
2593,253102.89
2594,177803.12
2595,211806.9
2596,320551.31
2597,181689.68
2598,270211.6
2599,318847.58
2600,150877.87
2601,135770.32
2602,88385.5
2603,92749.5
2604,86090.0
2605,88770.93
2606,144275.0
2607,175393.87
2608,202710.11
2609,170972.35
2610,117370.5
2611,159448.21
2612,157005.6
2613,126312.0
2614,125890.16
2615,150991.0
2616,141214.5
2617,169370.03
2618,178394.05
2619,220378.81
2620,186060.0
2621,183856.8
2622,186965.1
2623,255491.05
2624,270947.49
2625,325428.02
2626,162502.18
2627,189970.61
2628,420832.05
2629,557879.96
2630,354789.58
2631,466482.21
2632,422365.18
2633,316514.36
2634,382886.07
2635,149097.37
2636,197652.03
2637,162247.28
2638,256482.15
2639,178435.5
2640,152700.0
2641,110056.71
2642,193304.72
2643,105142.08
2644,130423.0
2645,94725.5
2646,92314.0
2647,98459.0
2648,138464.87
2649,137733.33
2650,152697.2
2651,159933.75
2652,459960.11
2653,250165.58
2654,246568.3
2655,356761.11
2656,325968.11
2657,346204.84
2658,275847.98
2659,296701.54
2660,318174.4
2661,326829.29
2662,340370.39
2663,278300.14
2664,282811.28
2665,316172.14
2666,293263.24
2667,170376.1
2668,182372.06
2669,178478.5
2670,284405.0
2671,182194.2
2672,182497.61
2673,196681.92
2674,197680.41
2675,176561.27
2676,187573.86
2677,199520.04
2678,256298.84
2679,288261.13
2680,271184.89
2681,411234.78
2682,329667.77
2683,526323.35
2684,304879.13
2685,344714.92
2686,262722.88
2687,330087.95
2688,231729.96
2689,217697.05
2690,480340.3
2691,188080.92
2692,136248.67
2693,194998.33
2694,131104.87
2695,194468.98
2696,188605.1
2697,191027.72
2698,197424.35
2699,179377.5
2700,165367.69
2701,148278.63
2702,119909.31
2703,136890.88
2704,139319.08
2705,130263.33
2706,120488.08
2707,119911.76
2708,138873.5
2709,111515.93
2710,127273.49
2711,282400.42
2712,355308.89
2713,176786.52
2714,151184.45
2715,172952.22
2716,166883.21
2717,185009.75
2718,232114.08
2719,159364.11
2720,165004.5
2721,144055.25
2722,163463.66
2723,145495.02
2724,128807.0
2725,139678.25
2726,149219.25
2727,162923.0
2728,169959.32
2729,150234.29
2730,146279.0
2731,119524.0
2732,119282.3
2733,163543.75
2734,141808.24
2735,134775.25
2736,142470.62
2737,124563.33
2738,133084.26
2739,159387.0
2740,136214.0
2741,148891.25
2742,152977.5
2743,153193.93
2744,148608.5
2745,139267.0
2746,136650.75
2747,154887.4
2748,122706.08
2749,131900.5
2750,135554.25
2751,129858.08
2752,232380.94
2753,154959.84
2754,192888.48
2755,125421.0
2756,95508.21
2757,78319.22
2758,88156.09
2759,154805.78
2760,149163.53
2761,151175.25
2762,148118.75
2763,180060.97
2764,168606.48
2765,257240.38
2766,143333.5
2767,93563.0
2768,122886.24
2769,139472.09
2770,153717.5
2771,118708.99
2772,121532.09
2773,139253.46
2774,139631.64
2775,135482.84
2776,145305.24
2777,149905.4
2778,125493.0
2779,125988.11
2780,108873.26
2781,105322.06
2782,100968.09
2783,107457.91
2784,130058.5
2785,137725.46
2786,80348.74
2787,116265.41
2788,92659.32
2789,220499.12
2790,89786.2
2791,117170.8
2792,91321.73
2793,162162.83
2794,102854.98
2795,112815.75
2796,104112.0
2797,193235.55
2798,124536.02
2799,115186.23
2800,79118.05
2801,111296.95
2802,140784.46
2803,156563.3
2804,141345.61
2805,94791.83
2806,103494.32
2807,150888.47
2808,147316.65
2809,135997.5
2810,140286.34
2811,164816.93
2812,145799.34
2813,156102.81
2814,162291.63
2815,102942.19
2816,241135.81
2817,136296.5
2818,133424.3
2819,183540.95
2820,126549.5
2821,106346.84
2822,177700.0
2823,216793.48
2824,180347.37
2825,149846.32
2826,137969.0
2827,142223.84
2828,212384.26
2829,178839.64
2830,233613.06
2831,193660.06
2832,219238.27
2833,288202.37
2834,218123.52
2835,219152.54
2836,197141.0
2837,165275.5
2838,146058.0
2839,179706.55
2840,195012.28
2841,202951.78
2842,222790.57
2843,153350.75
2844,155449.84
2845,126235.76
2846,213352.03
2847,201113.4
2848,219698.86
2849,212694.09
2850,287276.03
2851,237766.62
2852,227260.36
2853,232960.16
2854,141573.6
2855,197426.2
2856,210682.34
2857,190807.1
2858,196822.58
2859,141859.24
2860,125982.9
2861,143968.48
2862,193936.45
2863,122126.5
2864,265441.96
2865,142426.33
2866,135503.0
2867,94501.41
2868,116517.76
2869,126300.79
2870,159699.58
2871,114515.75
2872,63573.95
2873,103628.05
2874,141034.68
2875,112723.44
2876,164198.5
2877,144969.65
2878,167981.02
2879,146237.84
2880,109535.54
2881,147895.48
2882,163375.56
2883,168363.35
2884,182436.1
2885,182006.16
2886,185896.64
2887,102704.45
2888,123490.0
2889,66334.12
2890,85217.25
2891,138423.87
2892,71892.16
2893,106315.19
2894,71092.09
2895,320418.11
2896,297916.95
2897,193969.5
2898,153608.0
2899,228948.6
2900,161491.39
2901,188329.87
2902,189780.14
2903,341519.81
2904,355107.84
2905,121267.37
2906,203614.66
2907,116809.83
2908,128521.0
2909,143295.99
2910,83481.0
2911,87141.5
2912,156275.08
2913,89430.61
2914,85432.0
2915,84411.0
2916,87385.32
2917,154271.85
2918,109351.04
2919,223688.61
